gen	nevals	avg    	std    	min    	max    
0  	500   	4560.19	89.5801	4280.99	4796.46
1  	391   	4489.85	74.0347	4272.74	4710.55
2  	389   	4433.25	70.9395	4182.27	4656.76
3  	384   	4383.11	65.4617	4133.37	4618.48
4  	376   	4340.14	61.0442	4196.07	4599.97
5  	380   	4302.66	61.5603	4139.6 	4514.25
6  	357   	4267.75	59.6317	4139.6 	4527.53
7  	371   	4236.95	52.8304	4122.51	4577.06
8  	377   	4213.44	50.4571	4122.51	4541.3 
9  	379   	4194.53	43.0295	4106.69	4544.15
10 	373   	4179.62	46.8617	4089.66	4530.19
11 	380   	4166.93	45.3718	4077.92	4497.27
12 	378   	4152.26	39.9963	4072.77	4394.2 
13 	373   	4145.84	48.253 	4072.77	4502.81
14 	388   	4132.98	45.9262	4067.72	4486.86
15 	364   	4121.02	48.2403	4055.4 	4473.75
16 	362   	4106.93	36.7836	4046.26	4387.27
17 	389   	4103.21	49.5867	4020.68	4420.77
18 	361   	4089.13	39.0275	4026.71	4361.07
19 	392   	4080.13	36.6191	4008.34	4329.95
20 	357   	4068.78	33.4229	4008.34	4233.3 
21 	385   	4059.58	40.894 	4000.44	4345.92
22 	365   	4051.63	38.4312	3990   	4344.64
23 	370   	4046.43	42.0914	3990   	4328.98
24 	383   	4039.51	37.3196	3982.86	4231.18
25 	369   	4031.18	38.8303	3973.08	4385.47
26 	396   	4025.85	39.6271	3974.1 	4231.49
27 	379   	4019.48	37.0055	3968.82	4194.18
28 	382   	4013.63	34.4794	3961.26	4170.81
29 	381   	4010.3 	36.6591	3961.26	4166.07
30 	379   	4004.8 	33.2238	3963.36	4161.46
31 	385   	4001.73	33.947 	3952.45	4172.1 
32 	374   	3999.06	38.8203	3948.56	4177.23
33 	376   	3995.54	37.3479	3945.59	4238.55
34 	374   	3989.88	33.4526	3950.33	4184.6 
35 	360   	3984.28	33.0123	3946.54	4154.48
36 	381   	3983.67	33.0616	3941.26	4148.1 
37 	360   	3978.27	32.0164	3941.26	4153.39
38 	379   	3980.65	38.9994	3940.4 	4196.73
39 	366   	3975.11	36.2015	3935.52	4229.13
40 	362   	3974.85	38.6255	3936.44	4305.91
41 	388   	3969.55	31.692 	3935.21	4113.86
42 	381   	3966.51	34.7323	3930.28	4162.24
43 	366   	3966.67	36.9065	3929.35	4138.49
44 	401   	3964.81	35.9297	3927.14	4150.79
45 	382   	3961.14	34.1628	3927.14	4148.65
46 	371   	3960.56	37.0688	3926.54	4157.26
47 	361   	3958.26	36.5939	3922.36	4176.1 
48 	379   	3956.78	36.7179	3922.36	4140.86
49 	368   	3956.43	35.9395	3920.31	4133.62
50 	357   	3952.77	34.5701	3922.29	4117.23
51 	384   	3953.18	35.0991	3919.59	4166.7 
52 	379   	3951.92	34.6744	3918.82	4072.02
53 	398   	3949.42	34.7392	3916.38	4150.3 
54 	376   	3948.48	35.7121	3916.33	4126.33
55 	371   	3946.24	34.2446	3915.05	4122.03
56 	382   	3946.08	34.3264	3915.02	4102.86
57 	358   	3944.82	36.1711	3915.02	4134.16
58 	355   	3944.48	36.3169	3915.01	4124.89
59 	371   	3943.44	38.9483	3914.56	4130.62
60 	375   	3943.52	35.2383	3913.54	4097.43
61 	385   	3940.88	34.1779	3913.54	4101.04
62 	375   	3941.63	37.1073	3913.54	4107.63
63 	361   	3940.99	38.6427	3913.54	4173.16
64 	373   	3939.07	34.911 	3913.42	4120.12
65 	355   	3940.43	37.909 	3913.19	4151.52
66 	363   	3942.3 	39.6424	3912.6 	4114.24
67 	353   	3937.18	36.5801	3912.6 	4136.28
68 	380   	3937.15	35.1658	3911.98	4119.26
69 	360   	3935.88	33.961 	3911.91	4095.97
70 	388   	3933.84	31.3749	3910.97	4126.54
71 	364   	3937.85	38.9001	3910.97	4110.84
72 	355   	3936.29	42.3795	3910.9 	4253.06
73 	369   	3932.68	34.9256	3910.28	4147.51
74 	386   	3937.08	38.4781	3910.13	4124.23
75 	354   	3934.73	35.4612	3908.73	4113.69
76 	385   	3932.39	35.3333	3908.73	4123.3 
77 	354   	3933.64	39.0511	3908.73	4188.17
78 	392   	3936.66	38.8333	3908.73	4123.56
79 	375   	3933.09	37.8689	3908.73	4206.91
80 	386   	3932.92	36.2341	3908.54	4113   
81 	379   	3931.96	34.2614	3908.26	4088.36
82 	363   	3932.59	36.4777	3908.28	4163.47
83 	408   	3933.55	36.7727	3908.23	4199.82
84 	391   	3931.48	35.7162	3908.05	4172.39
85 	375   	3930.28	32.8024	3908.04	4126.37
86 	368   	3932.96	37.8729	3908.19	4122.23
87 	354   	3930.3 	36.6825	3907.96	4148.79
88 	389   	3932.44	36.9312	3907.75	4122.88
89 	394   	3932.04	33.9356	3907.75	4122.86
90 	367   	3929.16	33.0457	3907.75	4133.82
91 	371   	3930.03	33.6396	3907.81	4131.01
92 	375   	3930.09	33.2712	3907.67	4101.15
93 	348   	3929.67	35.4944	3907.67	4128.18
94 	366   	3927.34	31.0575	3907.67	4083.79
95 	358   	3929.68	36.2069	3907.65	4111.33
96 	387   	3928.98	35.2524	3907.62	4131.71
97 	360   	3929.24	36.5421	3907.62	4137.6 
98 	379   	3929.59	35.706 	3907.55	4084.81
99 	359   	3929.59	35.0896	3907.55	4090.3 
100	357   	3926.49	32.4501	3907.55	4135.17
101	379   	3930.17	39.7774	3907.55	4209.32
102	364   	3930.35	37.2476	3907.55	4114.65
103	375   	3929.81	37.2833	3907.55	4138.95
104	380   	3931.35	38.2722	3907.54	4115   
105	364   	3930.18	35.8111	3907.48	4118.05
106	370   	3930.25	36.5666	3907.52	4133.76
107	366   	3927.18	34.145 	3907.52	4140.18
108	359   	3929.88	33.5649	3907.52	4084.96
109	381   	3928.28	35.1608	3907.51	4154.23
110	355   	3929.99	37.533 	3907.48	4169.24
111	383   	3929.57	36.0311	3907.49	4128.01
112	384   	3929.76	35.3388	3907.47	4095.91
113	391   	3929.56	34.6424	3907.47	4104.99
114	386   	3931.59	38.4613	3907.43	4135.58
115	362   	3928.91	35.4331	3907.43	4125.02
116	380   	3930.35	38.2461	3907.43	4117.09
117	381   	3927.11	32.2465	3907.45	4105.91
118	364   	3927.06	32.8294	3907.45	4192.66
119	360   	3931.75	39.8539	3907.44	4154.11
120	378   	3929.05	34.601 	3907.44	4158.34
121	394   	3928.79	34.5992	3907.44	4117.04
122	364   	3927.35	34.5385	3907.41	4133.3 
123	381   	3929.13	34.6276	3907.43	4087.08
124	365   	3928.39	33.8349	3907.42	4132.9 
125	371   	3929.11	34.5769	3907.43	4093.53
126	369   	3927.34	31.9561	3907.43	4085.94
127	367   	3926.44	32.1677	3907.41	4172.46
128	386   	3929.63	35.1051	3907.41	4110.95
129	373   	3929.14	36.7153	3907.41	4120.52
130	362   	3927.96	34.5542	3907.4 	4114.86
131	377   	3930.25	35.622 	3907.41	4113.09
132	383   	3928.24	33.4091	3907.39	4095.34
133	377   	3924.98	28.5732	3907.37	4092.3 
134	376   	3928.05	34.9472	3907.37	4155.38
135	390   	3928.42	34.9274	3907.37	4115.47
136	392   	3932.28	38.6246	3907.37	4200.61
137	395   	3932.5 	38.9051	3907.37	4110.48
138	369   	3930.49	34.1071	3907.37	4097.76
139	378   	3929.98	36.0046	3907.36	4109.22
140	364   	3928.34	36.3508	3907.34	4190.9 
141	368   	3929.43	34.8572	3907.34	4150.07
142	374   	3928.05	32.8416	3907.36	4092.21
143	371   	3930.69	39.5023	3907.36	4144.39
144	398   	3929.92	37.1739	3907.35	4162.25
145	387   	3932.9 	38.2715	3907.35	4138.25
146	366   	3925.76	30.0221	3907.34	4102.17
147	355   	3929.25	36.0832	3907.33	4141.34
148	370   	3928.65	33.8015	3907.33	4068.58
149	377   	3930.59	38.5469	3907.34	4177.87
150	357   	3928.95	37.0997	3907.33	4127.22
151	367   	3928.53	34.6159	3907.33	4110.92
152	366   	3928.56	37.6231	3907.33	4152.15
153	382   	3929.25	37.1585	3907.33	4149.75
154	349   	3926.96	32.5985	3907.33	4103.72
155	393   	3930.88	36.3207	3907.33	4133.84
156	374   	3928.79	36.0397	3907.32	4088.32
157	384   	3930.36	37.8519	3907.31	4128.6 
158	389   	3931.57	38.3717	3907.31	4097.12
159	381   	3932.23	39.9811	3907.31	4152.83
160	372   	3929.18	33.7378	3907.31	4122.11
161	363   	3929.17	34.3255	3907.31	4079.63
162	364   	3928.92	34.1474	3907.31	4087.8 
163	375   	3930.94	38.3382	3907.31	4137.16
164	370   	3929.79	36.9343	3907.31	4127.67
165	386   	3928.44	35.4444	3907.31	4129.16
166	382   	3929.85	37.693 	3907.31	4193.46
167	368   	3930.2 	35.3592	3907.31	4107.04
168	389   	3930.47	36.405 	3907.31	4118.2 
169	378   	3927.35	32.1063	3907.31	4124.21
170	376   	3928.9 	33.8079	3907.31	4107.38
171	380   	3930.23	36.2625	3907.31	4114.77
172	356   	3928.28	34.7345	3907.31	4112.06
173	384   	3927.5 	36.086 	3907.31	4131.66
174	377   	3926.56	32.1319	3907.31	4093.69
175	365   	3927.28	32.7765	3907.31	4139.19
176	383   	3930.49	37.7882	3907.31	4199.24
177	395   	3929.56	34.0913	3907.31	4072.59
178	390   	3930.24	35.3626	3907.31	4093.64
179	379   	3929.69	36.1111	3907.31	4084.46
180	377   	3931.11	36.492 	3907.31	4104.09
181	359   	3928.82	32.8889	3907.31	4109.05
182	353   	3929.52	36.0648	3907.31	4102.74
183	378   	3926.43	34.9399	3907.31	4236.53
184	384   	3930.69	37.1315	3907.31	4132.35
185	368   	3929.29	33.69  	3907.31	4130.4 
186	384   	3928.7 	32.7093	3907.31	4118.57
187	387   	3931.59	36.8935	3907.31	4099.07
188	396   	3932.89	39.9872	3907.31	4138.66
189	367   	3932.84	38.3398	3907.31	4110.28
190	360   	3928.16	33.3498	3907.31	4103.05
191	382   	3929.87	37.3498	3907.31	4102.52
192	383   	3930.51	37.9382	3907.31	4140.61
193	377   	3932.49	38.6513	3907.31	4131.12
194	359   	3933.04	42.1291	3907.31	4126.6 
195	355   	3929.82	35.7686	3907.31	4109.36
196	376   	3929.82	37.4397	3907.31	4149.51
197	368   	3929.16	35.6716	3907.31	4114.08
198	372   	3928.04	34.6393	3907.31	4096.34
199	398   	3929.53	34.8216	3907.31	4120.22
200	367   	3931   	40.5839	3907.31	4190.04
201	387   	3932.61	39.8374	3907.31	4137.57
202	382   	3931.42	37.943 	3907.31	4119.94
203	390   	3931.21	37.5463	3907.31	4124.2 
204	379   	3933.06	39.3859	3907.31	4100.5 
205	393   	3927.76	33.5884	3907.31	4139.8 
206	372   	3929.31	35.7109	3907.31	4104.03
207	362   	3929.56	38.0827	3907.31	4130.1 
208	363   	3929.59	36.1459	3907.31	4110.36
209	360   	3929.1 	34.96  	3907.31	4094.62
210	362   	3931.12	40.4792	3907.31	4257   
211	374   	3931.23	38.176 	3907.31	4138.45
212	363   	3929.36	36.3046	3907.31	4133.14
213	364   	3930.62	34.443 	3907.31	4098.74
214	387   	3928.58	32.4291	3907.31	4139.61
215	358   	3932.42	39.7662	3907.31	4154.07
216	372   	3930.88	35.3247	3907.31	4096.13
217	389   	3932.5 	37.3742	3907.31	4094.58
218	365   	3931.7 	39.9207	3907.31	4160   
219	391   	3931.86	37.961 	3907.31	4100.66
220	387   	3930.8 	37.3801	3907.31	4121.64
221	381   	3927.71	34.0986	3907.31	4096.7 
222	388   	3928.74	36.0315	3907.31	4135.46
223	357   	3927.3 	34.4007	3907.31	4140.6 
224	370   	3925.94	32.5395	3907.31	4117.4 
225	373   	3931.4 	39.8825	3907.31	4126.62
226	365   	3930.29	35.3179	3907.31	4112.16
227	371   	3929.44	37.977 	3907.31	4116.97
228	387   	3931.32	36.0494	3907.31	4118.09
229	361   	3929.31	38.0719	3907.31	4114.18
230	355   	3927.91	35.3787	3907.31	4123.95
231	390   	3931.68	36.0127	3907.31	4123.36
232	386   	3932.31	38.7852	3907.31	4119.44
233	369   	3931.56	38.1919	3907.31	4124.94
234	367   	3927.79	35.669 	3907.31	4123.16
235	376   	3927.91	34.5302	3907.31	4074.73
236	381   	3930.63	36.8477	3907.31	4128.01
237	384   	3933.05	39.4502	3907.31	4120.71
238	381   	3931.59	37.5877	3907.31	4086.16
239	377   	3928.26	34.5092	3907.31	4121.2 
240	355   	3928.65	35.9309	3907.31	4156.43
241	357   	3926.37	33.6568	3907.31	4130.9 
242	353   	3927.55	34.4614	3907.31	4093.26
243	398   	3929.04	36.0324	3907.31	4098.57
244	372   	3929.77	35.9331	3907.31	4113.96
245	367   	3930.31	37.8176	3907.31	4140.43
246	382   	3932.75	39.8797	3907.31	4102.73
247	374   	3932.44	40.2044	3907.31	4229.61
248	379   	3928.84	35.0518	3907.31	4175.78
249	375   	3929.93	35.7529	3907.31	4204.38
250	385   	3928.24	33.2398	3907.31	4097.13
251	384   	3928.96	37.0639	3907.31	4159.91
252	372   	3928.32	33.4101	3907.31	4145.69
253	366   	3929.02	36.4293	3907.31	4111.76
254	361   	3927.37	33.8207	3907.31	4078.81
255	375   	3929.73	35.9422	3907.31	4096.51
256	392   	3929.48	35.0551	3907.31	4107.78
257	374   	3930.62	37.5874	3907.31	4111.96
258	386   	3929.31	36.9892	3907.31	4177.28
259	389   	3930.06	36.7131	3907.31	4130.14
260	374   	3930.39	37.6492	3907.31	4128.3 
261	375   	3929.28	36.8224	3907.31	4149.15
262	373   	3928.94	35.6201	3907.31	4122.11
263	378   	3930.36	37.5045	3907.31	4128   
264	398   	3932.26	37.173 	3907.31	4104.19
265	397   	3931.72	36.9128	3907.31	4111.54
266	376   	3929.91	37.1425	3907.31	4125.19
267	361   	3927.24	33.9346	3907.31	4102.8 
268	365   	3930.76	37.2543	3907.31	4095.59
269	371   	3927.11	33.1482	3907.31	4116.83
270	390   	3932.25	39.3059	3907.31	4105.74
271	386   	3931.53	38.0849	3907.31	4158.62
272	356   	3929.1 	33.957 	3907.31	4096.96
273	353   	3929.71	37.4113	3907.31	4114.71
274	364   	3928.53	34.9512	3907.31	4107.69
275	386   	3930.46	35.3472	3907.31	4101.43
276	377   	3929.53	35.3971	3907.31	4118.75
277	395   	3931.45	36.7608	3907.31	4100.82
278	386   	3934.86	41.8863	3907.31	4132.36
279	378   	3930.01	35.5872	3907.31	4140.62
280	355   	3927.58	36.069 	3907.31	4137.06
281	392   	3931.35	37.9295	3907.31	4126.13
282	384   	3928.4 	35.7059	3907.31	4118.27
283	375   	3929.92	36.1238	3907.31	4103.99
284	367   	3931.57	41.8533	3907.31	4148.7 
285	401   	3934.13	40.6829	3907.31	4157.58
286	379   	3928.02	32.0126	3907.31	4139.77
287	395   	3931.6 	37.0062	3907.31	4143   
288	374   	3933.03	39.5133	3907.31	4150.29
289	360   	3932.67	38.1191	3907.31	4115.46
290	396   	3931.21	34.3803	3907.31	4092.65
291	390   	3933.26	41.5187	3907.31	4096.4 
292	387   	3932.05	38.1398	3907.31	4115.51
293	370   	3929.44	35.4869	3907.31	4092.88
294	372   	3930.85	40.156 	3907.31	4171.68
295	372   	3929.43	38.3267	3907.31	4308.02
296	368   	3925.19	30.1361	3907.31	4085.82
297	373   	3929.39	35.5179	3907.31	4132.2 
298	380   	3927.97	35.1305	3907.31	4105.69
299	366   	3925.96	32.7408	3907.31	4091.07
300	368   	3927.28	34.9295	3907.31	4126.89
301	385   	3932.79	37.6646	3907.31	4099.45
302	395   	3931.28	38.5408	3907.31	4109.72
303	361   	3928.67	33.6587	3907.31	4107.31
304	378   	3929.21	34.7121	3907.31	4112.57
305	383   	3929.44	34.2418	3907.31	4104.1 
306	381   	3928.86	34.7991	3907.31	4126.52
307	356   	3930.5 	38.2192	3907.31	4106.72
308	370   	3929.88	36.8309	3907.31	4124.62
309	373   	3930.13	37.2549	3907.31	4122.29
310	388   	3932.4 	40.7111	3907.31	4195.88
311	378   	3930.48	36.3345	3907.31	4109.51
312	361   	3927.5 	34.5527	3907.31	4125.04
313	369   	3930.3 	35.5301	3907.31	4111.72
314	374   	3929.94	37.0242	3907.31	4093.06
315	360   	3930.07	37.2107	3907.31	4179.26
316	374   	3926.3 	30.8945	3907.31	4088.26
317	367   	3929.73	38.6452	3907.31	4156.95
318	375   	3927.49	32.2138	3907.31	4113.73
319	360   	3927.75	32.6543	3907.31	4076.29
320	380   	3931.15	38.8101	3907.31	4108.72
321	369   	3931.76	40.9026	3907.31	4133.82
322	381   	3927.03	30.6328	3907.31	4085.87
323	369   	3932.93	39.6713	3907.31	4096.48
324	403   	3933.36	38.2926	3907.31	4102.24
325	389   	3930   	33.5278	3907.31	4087.18
326	367   	3930.15	35.2089	3907.31	4122.44
327	385   	3929.46	34.7139	3907.31	4087.19
328	395   	3931.13	38.1888	3907.31	4194.09
329	373   	3932.09	40.1132	3907.31	4176.13
330	386   	3930.45	35.8796	3907.31	4106.49
331	371   	3931.82	38.3938	3907.31	4136.69
332	386   	3928.12	34.2624	3907.31	4109.53
333	357   	3927.49	32.5132	3907.31	4117.63
334	393   	3929.09	35.6463	3907.31	4098.27
335	368   	3928.06	34.6702	3907.31	4109.02
336	393   	3931.07	37.0014	3907.31	4093.8 
337	372   	3929.37	37.5673	3907.31	4141.13
338	379   	3930.83	36.3504	3907.31	4092.65
339	375   	3930.91	35.9669	3907.31	4088.25
340	377   	3930.68	35.2304	3907.31	4090.75
341	373   	3928.99	34.0626	3907.31	4113.86
342	359   	3928.57	36.8665	3907.31	4211.97
343	380   	3929.67	36.0709	3907.31	4125.89
344	371   	3930.77	36.6024	3907.31	4094.37
345	397   	3929.88	36.3632	3907.31	4109.02
346	385   	3930.29	35.8613	3907.31	4106.86
347	374   	3929.56	34.7118	3907.31	4128.16
348	374   	3930.32	35.0816	3907.31	4097   
349	382   	3934.03	39.721 	3907.31	4116.92
350	381   	3932.68	39.0314	3907.31	4097.3 
351	386   	3930.33	36.6162	3907.31	4151.27
352	388   	3929.94	35.0112	3907.31	4110.18
353	376   	3930.28	36.6108	3907.31	4079.24
354	383   	3928.81	34.8932	3907.31	4079.42
355	355   	3926.14	33.0221	3907.31	4098.07
356	369   	3929.39	35.0348	3907.31	4109.11
357	365   	3929.4 	35.9766	3907.31	4123.67
358	388   	3929.72	35.7181	3907.31	4125.57
359	356   	3927.63	36.5807	3907.31	4164.77
360	369   	3927.57	33.0898	3907.31	4127.86
361	373   	3929.37	37.3914	3907.31	4111.9 
362	381   	3929.31	38.0807	3907.31	4094.98
363	378   	3928.27	34.7894	3907.31	4084.96
364	358   	3928.03	36.0525	3907.31	4098.19
365	381   	3928.54	34.9882	3907.31	4131.5 
366	363   	3929.03	35.736 	3907.31	4143.13
367	381   	3930.59	37.4766	3907.31	4116.42
368	383   	3930.19	35.5282	3907.31	4091.37
369	382   	3928.87	35.318 	3907.31	4137.72
370	364   	3927.46	35.3638	3907.31	4140.33
371	375   	3929.73	35.6669	3907.31	4085.31
372	384   	3928.1 	32.7657	3907.31	4123.16
373	374   	3931.74	36.571 	3907.31	4108.98
374	367   	3929.6 	38.4874	3907.31	4113.32
375	406   	3930.87	37.8009	3907.31	4144.74
376	370   	3928.86	36.0646	3907.31	4108.05
377	379   	3929.43	35.2085	3907.31	4106.82
378	396   	3929.36	38.2904	3907.31	4120.69
379	371   	3932.48	39.9812	3907.31	4136.16
380	380   	3932   	38.8229	3907.31	4140.31
381	381   	3930.95	40.0039	3907.31	4156.24
382	371   	3931.02	38.1256	3907.31	4099.47
383	370   	3929.49	36.6266	3907.31	4129.65
384	373   	3926.7 	33.7342	3907.31	4118   
385	372   	3926.23	34.2092	3907.31	4114.26
386	391   	3929.94	35.458 	3907.31	4088.12
387	394   	3930.8 	37.5136	3907.31	4106.11
388	380   	3928.08	34.233 	3907.31	4090.38
389	376   	3927.24	32.7813	3907.31	4092.63
390	388   	3928.07	33.6554	3907.31	4130.53
391	369   	3928.72	35.2725	3907.31	4095.33
392	383   	3930.42	36.8693	3907.31	4109.92
393	372   	3931.73	38.0429	3907.31	4127.22
394	346   	3927.05	33.285 	3907.31	4138.49
395	377   	3931.2 	40.3977	3907.31	4146.51
396	378   	3930.21	38.0447	3907.31	4134.01
397	363   	3927.7 	34.2287	3907.31	4099.1 
398	378   	3929.46	36.0284	3907.31	4104.53
399	386   	3927.02	33.8557	3907.31	4093.38
400	362   	3928.85	37.6803	3907.31	4108.3 
401	377   	3932.83	39.6597	3907.31	4105.36
402	369   	3931.55	39.8899	3907.31	4214.75
403	379   	3932.74	38.354 	3907.31	4094.01
404	388   	3928.19	33.5237	3907.31	4092.07
405	361   	3928.77	35.1221	3907.31	4137.26
406	376   	3929.69	35.2105	3907.31	4088.23
407	369   	3928.8 	37.274 	3907.31	4131.73
408	380   	3929.59	37.176 	3907.31	4101.77
409	360   	3930.01	37.5894	3907.31	4125.33
410	368   	3931.78	42.0541	3907.31	4131.03
411	382   	3931.49	38.7275	3907.31	4152.79
412	373   	3930.03	37.1978	3907.31	4129.01
413	362   	3927.94	33.9316	3907.31	4151.03
414	370   	3931.57	40.5844	3907.31	4145.09
415	372   	3928.89	35.3119	3907.31	4109.17
416	367   	3928.36	36.7981	3907.31	4128.14
417	365   	3928.77	37.2681	3907.31	4127.9 
418	397   	3930.94	37.5366	3907.31	4149.3 
419	371   	3928.03	34.5076	3907.31	4094.38
420	374   	3928.17	34.456 	3907.31	4090.71
421	356   	3929.04	37.5876	3907.31	4156.76
422	364   	3928.84	35.7517	3907.31	4120.85
423	390   	3932.21	37.8079	3907.31	4085.72
424	341   	3928.87	35.8934	3907.31	4085.63
425	361   	3923.9 	28.3267	3907.31	4066.36
426	396   	3929.37	35.3611	3907.31	4106.24
427	366   	3926.1 	33.0332	3907.31	4110.65
428	359   	3929.42	37.2875	3907.31	4127.45
429	394   	3928.58	36.5999	3907.31	4174.48
430	369   	3929.42	38.0881	3907.31	4102.87
431	381   	3928.8 	36.8198	3907.31	4098.9 
432	364   	3929.96	38.5022	3907.31	4181.03
433	377   	3929.69	36.2458	3907.31	4144.27
434	381   	3929.87	38.1329	3907.31	4123   
435	379   	3930.97	36.5029	3907.31	4105.67
436	374   	3928.4 	35.712 	3907.31	4124.06
437	388   	3928.64	34.3861	3907.31	4110.54
438	386   	3931.15	38.243 	3907.31	4103.97
439	385   	3934.28	42.0295	3907.31	4293.8 
440	363   	3931.65	39.4909	3907.31	4128.1 
441	376   	3926.68	33.8507	3907.31	4123.72
442	382   	3930.31	38.2832	3907.31	4111.86
443	380   	3926.84	32.2018	3907.31	4114.68
444	375   	3926.99	32.8246	3907.31	4104.92
445	388   	3931.46	37.9472	3907.31	4178.97
446	365   	3928.19	33.818 	3907.31	4082.32
447	373   	3928.77	36.9323	3907.31	4152.45
448	383   	3931.47	37.7599	3907.31	4094.31
449	379   	3929.81	36.194 	3907.31	4106.54
450	364   	3928.72	37.4807	3907.31	4155.83
451	368   	3926.83	35.0538	3907.31	4110.49
452	368   	3929.4 	36.0678	3907.31	4111.49
453	381   	3927.4 	35.0404	3907.31	4122.05
454	350   	3930.5 	38.2287	3907.31	4128.16
455	362   	3929.73	36.0104	3907.31	4123.63
456	384   	3928.69	37.3334	3907.31	4148.95
457	380   	3929.8 	37.5034	3907.31	4137.03
458	372   	3931.16	40.579 	3907.31	4122.69
459	365   	3928.72	34.9442	3907.31	4111.83
460	380   	3930.21	35.7228	3907.31	4110.3 
461	366   	3929.69	36.8829	3907.31	4128.49
462	369   	3931.39	39.8995	3907.31	4160.93
463	394   	3933.25	38.8595	3907.31	4189.26
464	382   	3926.95	32.7822	3907.31	4136.67
465	359   	3926.72	33.3138	3907.31	4131.55
466	373   	3929.76	36.1085	3907.31	4103.43
467	362   	3930.34	36.1093	3907.31	4100.06
468	365   	3931.03	38.6611	3907.31	4111.02
469	366   	3930.81	38.2049	3907.31	4128.1 
470	363   	3928.09	35.4483	3907.31	4107.34
471	387   	3930.01	34.693 	3907.31	4100.98
472	360   	3930.74	35.6833	3907.31	4086.23
473	365   	3930.68	36.5537	3907.31	4140.39
474	370   	3929.79	36.2661	3907.31	4217.74
475	377   	3929.19	34.5883	3907.31	4118.06
476	374   	3932.42	39.2666	3907.31	4113.18
477	377   	3929.01	34.8558	3907.31	4087.76
478	390   	3926.86	32.8073	3907.31	4160.65
479	380   	3927.27	32.7689	3907.31	4075.02
480	387   	3931.93	39.1942	3907.31	4134.64
481	377   	3933.36	40.3352	3907.31	4163.32
482	376   	3930.15	38.4553	3907.31	4171.28
483	386   	3929.83	37.285 	3907.31	4138.43
484	357   	3931.63	38.5194	3907.31	4161.92
485	382   	3928.76	35.4436	3907.31	4107.32
486	382   	3928.78	35.512 	3907.31	4119.24
487	365   	3928.92	36.7538	3907.31	4117.82
488	345   	3928.1 	34.78  	3907.31	4096.92
489	378   	3926.7 	32.2697	3907.31	4093.89
490	369   	3930.23	37.1359	3907.31	4094.68
491	364   	3928.23	33.3589	3907.31	4076.78
492	369   	3931.39	36.5712	3907.31	4098.28
493	363   	3931.45	39.0537	3907.31	4117.75
494	388   	3932.66	40.6799	3907.31	4157.16
495	364   	3927.82	34.7181	3907.31	4091.32
496	382   	3930.52	37.0711	3907.31	4123.96
497	379   	3930.34	36.5628	3907.31	4143.21
498	377   	3932.39	40.7332	3907.31	4131.08
499	371   	3926.46	30.1635	3907.31	4100.41
500	355   	3929.86	36.8424	3907.31	4094.73
501	357   	3928.79	36.1718	3907.31	4095.07
502	375   	3930.95	38.2737	3907.31	4129.17
503	348   	3932.5 	38.3869	3907.31	4125.95
504	387   	3929.97	36.1358	3907.31	4178.63
505	362   	3926.7 	33.2178	3907.31	4123.79
506	378   	3926.85	34.3346	3907.31	4182.36
507	379   	3931.13	37.4441	3907.31	4108.4 
508	382   	3932.24	36.5235	3907.31	4145.62
509	380   	3927.96	34.3166	3907.31	4106.3 
510	380   	3930.35	37.0867	3907.31	4108.55
511	354   	3931.77	38.6384	3907.31	4114.95
512	371   	3929.23	36.6706	3907.31	4093.98
513	369   	3927.98	36.4109	3907.31	4146.69
514	374   	3930.08	38.142 	3907.31	4124.74
515	385   	3929.37	38.469 	3907.31	4152.24
516	373   	3928.69	36.1641	3907.31	4105.72
517	374   	3928.61	36.4759	3907.31	4117.6 
518	352   	3928.66	37.8508	3907.31	4185.2 
519	366   	3927.55	35.6569	3907.31	4097.63
520	370   	3930.83	35.3059	3907.31	4095.23
521	392   	3931.52	36.8342	3907.31	4167.63
522	385   	3931.3 	37.527 	3907.31	4139.99
523	386   	3930.21	38.7792	3907.31	4144.76
524	372   	3927.51	32.5389	3907.31	4095.85
525	351   	3927.87	34.7939	3907.31	4112.86
526	374   	3930.45	37.8374	3907.31	4124.91
527	388   	3929.52	34.8305	3907.31	4115.52
528	383   	3929.79	36.1543	3907.31	4126.04
529	376   	3930.08	35.3549	3907.31	4104.83
530	388   	3926.53	32.6756	3907.31	4104.17
531	387   	3929.11	35.672 	3907.31	4120.49
532	392   	3929.49	36.8595	3907.31	4145.17
533	376   	3928.26	37.2252	3907.31	4104.12
534	356   	3929.6 	37.5107	3907.31	4149.31
535	380   	3928.47	36.7279	3907.31	4120.57
536	393   	3927.99	32.9123	3907.31	4159.64
537	379   	3933.39	38.0752	3907.31	4085.73
538	374   	3930.57	35.4598	3907.31	4119.67
539	375   	3930.46	39.7454	3907.31	4239.98
540	350   	3927.39	35.4181	3907.31	4132.94
541	361   	3930.23	37.1588	3907.31	4114.25
542	380   	3929.65	38.1048	3907.31	4126.47
543	364   	3929.32	35.0607	3907.31	4146.35
544	373   	3929.09	36.7405	3907.31	4116.11
545	374   	3930.57	38.504 	3907.31	4113.18
546	359   	3928.72	36.0087	3907.31	4133.84
547	378   	3929.31	36.1082	3907.31	4143.25
548	390   	3929.59	35.6518	3907.31	4123.1 
549	371   	3928.33	35.5251	3907.31	4155.2 
550	384   	3930.39	37.1232	3907.31	4114.05
551	384   	3929.98	35.522 	3907.31	4088.73
552	369   	3928.5 	32.0589	3907.31	4056.15
553	367   	3927.01	33.0465	3907.31	4074.33
554	369   	3927.62	34.5164	3907.31	4116.05
555	374   	3928.13	35.4165	3907.31	4085.63
556	376   	3928.41	33.2417	3907.31	4103.3 
557	381   	3931.61	38.0113	3907.31	4110.51
558	370   	3930.47	37.0091	3907.31	4103.51
559	369   	3931.76	38.2612	3907.31	4104.72
560	366   	3931.2 	37.4523	3907.31	4148.69
561	377   	3930.76	34.9599	3907.31	4123.89
562	373   	3930.65	38.0401	3907.31	4133.99
563	396   	3931.49	37.1333	3907.31	4121.74
564	388   	3930.52	37.253 	3907.31	4119.25
565	388   	3929.21	36.4915	3907.31	4112.84
566	385   	3929.54	34.9308	3907.31	4107.79
567	380   	3929.95	36.9422	3907.31	4183.46
568	379   	3926.12	31.7749	3907.31	4089.92
569	362   	3929.21	36.525 	3907.31	4131.06
570	374   	3929.61	34.1682	3907.31	4088.75
571	394   	3930.94	39.9719	3907.31	4159.59
572	377   	3929.54	36.0624	3907.31	4108.56
573	353   	3930.48	36.9951	3907.31	4120.87
574	383   	3932.33	37.0935	3907.31	4146.2 
575	392   	3931.21	36.2597	3907.31	4097.19
576	402   	3929.14	33.721 	3907.31	4082.08
577	373   	3931.17	37.6672	3907.31	4133.55
578	372   	3935.57	40.017 	3907.31	4096.21
579	388   	3932.03	40.3116	3907.31	4143.82
580	379   	3931.94	38.8635	3907.31	4115.61
581	378   	3931.7 	37.8716	3907.31	4128.2 
582	372   	3930.92	37.8406	3907.31	4128.53
583	354   	3929.33	36.9838	3907.31	4119.94
584	383   	3929.36	33.6961	3907.31	4114.62
585	387   	3931.67	38.4325	3907.31	4155.92
586	399   	3931.44	38.3456	3907.31	4113.46
587	364   	3930.37	35.6233	3907.31	4100.15
588	361   	3926.27	32.9184	3907.31	4107.57
589	397   	3927.94	35.3063	3907.31	4154.33
590	391   	3927.3 	31.9344	3907.31	4072.25
591	369   	3929.81	35.9312	3907.31	4143.96
592	388   	3929.79	36.2209	3907.31	4178.11
593	391   	3931.2 	37.1541	3907.31	4108.02
594	369   	3928.35	35.551 	3907.31	4118.95
595	369   	3928.03	37.376 	3907.31	4228.05
596	373   	3929.27	37.4661	3907.31	4132.2 
597	372   	3929.72	35.1082	3907.31	4094.57
598	373   	3926.82	32.0933	3907.31	4104.59
599	373   	3929.49	36.4133	3907.31	4144.2 
600	349   	3927.75	37.2106	3907.31	4142.79
601	374   	3931.09	38.9382	3907.31	4109.27
602	362   	3930.16	36.1867	3907.31	4114.27
603	365   	3928.53	35.4153	3907.31	4205.25
604	369   	3929.27	36.3766	3907.31	4134.74
605	375   	3929.86	37.9114	3907.31	4125.66
606	385   	3929.26	33.9854	3907.31	4081.31
607	376   	3930.18	35.0412	3907.31	4104.04
608	376   	3928.91	35.1513	3907.31	4101.3 
609	386   	3927.12	33.5604	3907.31	4104.75
610	389   	3928.3 	33.8203	3907.31	4127.08
611	347   	3930.12	39.1091	3907.31	4129.91
612	382   	3927.51	32.9588	3907.31	4086.93
613	360   	3930.25	37.7516	3907.31	4140.51
614	363   	3929.94	37.2564	3907.31	4120.33
615	359   	3928.16	36.4264	3907.31	4175.12
616	368   	3929.83	37.7678	3907.31	4149.96
617	355   	3929.18	35.2235	3907.31	4111.99
618	385   	3928.51	34.7952	3907.31	4096.38
619	388   	3931.77	37.5944	3907.31	4126.73
620	384   	3933.85	38.6536	3907.31	4112.23
621	387   	3929.89	34.6446	3907.31	4113.72
622	387   	3931.07	34.3716	3907.31	4066.04
623	386   	3930.01	35.7199	3907.31	4115.65
624	376   	3931.44	37.5597	3907.31	4096.68
625	378   	3930.68	37.9498	3907.31	4122.66
626	371   	3926.46	33.8287	3907.31	4085.85
627	382   	3930.25	38.4585	3907.31	4160.51
628	390   	3927.44	35.1822	3907.31	4146.3 
629	377   	3932.55	40.8032	3907.31	4109.89
630	370   	3928.58	34.4125	3907.31	4108.71
631	383   	3928.68	35.9377	3907.31	4107.77
632	375   	3931.01	41.5612	3907.31	4175.87
633	358   	3925.67	33.2699	3907.31	4144.7 
634	372   	3926.05	31.8906	3907.31	4096.95
635	355   	3930.43	39.7529	3907.31	4127.15
636	390   	3926.79	33.378 	3907.31	4109.52
637	373   	3927.1 	32.7068	3907.31	4095.29
638	386   	3928.98	36.1113	3907.31	4099.67
639	372   	3927.74	34.6457	3907.31	4126.92
640	345   	3928.27	36.0404	3907.31	4143.42
641	372   	3932.57	38.7433	3907.31	4140.56
642	375   	3926.26	32.3048	3907.31	4082.94
643	373   	3929.33	36.1663	3907.31	4109.95
644	378   	3928.39	34.2998	3907.31	4099.54
645	367   	3929.25	36.6131	3907.31	4110.89
646	373   	3928.01	35.7869	3907.31	4105.17
647	380   	3931.64	38.7277	3907.31	4132.85
648	364   	3925.7 	30.103 	3907.31	4102.84
649	365   	3931.26	37.8903	3907.31	4097.25
650	362   	3928.49	33.7722	3907.31	4118.18
651	368   	3929.63	34.3904	3907.31	4088.43
652	364   	3929.43	38.4113	3907.31	4192.51
653	371   	3931   	39.7984	3907.31	4158.4 
654	379   	3927.98	33.2451	3907.31	4122.02
655	388   	3929.13	33.341 	3907.31	4128.52
656	378   	3931.3 	37.4675	3907.31	4119.27
657	378   	3928.74	36.0504	3907.31	4118.75
658	384   	3929.03	36.6694	3907.31	4123.98
659	371   	3929.36	37.7137	3907.31	4133.36
660	381   	3928.36	34.2306	3907.31	4119.85
661	389   	3929.95	35.6379	3907.31	4121.21
662	380   	3928.8 	35.6213	3907.31	4096.05
663	386   	3929.19	37.487 	3907.31	4150.3 
664	352   	3928.82	35.1187	3907.31	4097.77
665	387   	3928.12	35.8874	3907.31	4135.1 
666	388   	3932.34	41.8879	3907.31	4203.3 
667	377   	3930.5 	37.4234	3907.31	4213.15
668	355   	3927.29	33.7853	3907.31	4141.6 
669	403   	3927.95	33.7701	3907.31	4081.96
670	373   	3929.74	33.7321	3907.31	4089.59
671	368   	3930.44	36.3356	3907.31	4142.4 
672	383   	3928.3 	33.683 	3907.31	4132.49
673	383   	3933.15	42.2861	3907.31	4253.84
674	361   	3931.18	37.5225	3907.31	4091.55
675	378   	3928.36	34.9537	3907.31	4129.04
676	373   	3927.22	31.9896	3907.31	4132.36
677	360   	3928.69	36.9309	3907.31	4108.77
678	388   	3927.08	31.0792	3907.31	4092.71
679	389   	3929.6 	35.1294	3907.31	4105.93
680	386   	3930.26	34.3997	3907.31	4088.75
681	396   	3929.42	35.7369	3907.31	4120.25
682	367   	3930.16	36.0715	3907.31	4169.59
683	385   	3929.58	35.1713	3907.31	4122.74
684	373   	3928.5 	34.9182	3907.31	4130.28
685	384   	3929.92	40.038 	3907.31	4184.6 
686	374   	3928.41	33.6849	3907.31	4113.89
687	384   	3930.46	37.5692	3907.31	4196.21
688	371   	3932.87	37.536 	3907.31	4119.82
689	363   	3927.09	32.663 	3907.31	4116   
690	350   	3926.31	33.0561	3907.31	4132.83
691	362   	3928.16	34.2299	3907.31	4127.87
692	379   	3931.78	40.4754	3907.31	4161.66
693	388   	3929.99	37.8745	3907.31	4139.9 
694	385   	3932.61	40.0418	3907.31	4133.81
695	381   	3930.62	37.709 	3907.31	4112.81
696	385   	3927.5 	31.208 	3907.31	4089.76
697	387   	3929.81	34.4982	3907.31	4095.2 
698	394   	3929.36	35.0465	3907.31	4089.74
699	384   	3931.03	38.4358	3907.31	4110.7 
700	384   	3931.08	36.5511	3907.31	4124.63
701	363   	3926.81	31.8398	3907.31	4065.48
702	375   	3930.96	39.072 	3907.31	4133.17
703	388   	3930.17	36.6632	3907.31	4201.88
704	384   	3929.09	36.8102	3907.31	4158.54
705	364   	3928.18	37.9648	3907.31	4158.04
706	381   	3929.52	35.0457	3907.31	4104.74
707	353   	3926.83	32.1172	3907.31	4096.77
708	376   	3930.03	36.8124	3907.31	4185.51
709	362   	3930.22	36.956 	3907.31	4123.48
710	370   	3933.91	40.9083	3907.31	4121.13
711	380   	3928.16	32.6592	3907.31	4122.75
712	380   	3932.97	38.9514	3907.31	4139.42
713	364   	3932.64	39.967 	3907.31	4144.4 
714	369   	3930.36	36.5574	3907.31	4128.87
715	378   	3930.54	36.2682	3907.31	4087.72
716	366   	3928.49	33.4814	3907.31	4090.86
717	366   	3929.81	36.9483	3907.31	4156.35
718	372   	3932.12	39.5365	3907.31	4192.43
719	374   	3930.46	37.2528	3907.31	4107.7 
720	375   	3927.13	33.0529	3907.31	4096.63
721	369   	3929.38	36.5261	3907.31	4148.49
722	386   	3929.44	36.0125	3907.31	4123.36
723	375   	3931.45	38.9039	3907.31	4128.57
724	368   	3926.51	32.2873	3907.31	4076.75
725	372   	3930.34	37.431 	3907.31	4199.09
726	373   	3929.2 	33.2062	3907.31	4091.13
727	382   	3931.89	39.1654	3907.31	4127.69
728	381   	3930.02	33.3315	3907.31	4090.53
729	394   	3932.44	40.4439	3907.31	4193.46
730	385   	3927.35	35.6071	3907.31	4148.4 
731	389   	3931.66	37.9134	3907.31	4117.87
732	368   	3929.86	40.9296	3907.31	4191.87
733	365   	3927.51	35.8159	3907.31	4124.41
734	390   	3929.42	35.0847	3907.31	4081.08
735	376   	3929.2 	35.1141	3907.31	4119.24
736	369   	3927.83	35.593 	3907.31	4151.33
737	376   	3928.85	35.4695	3907.31	4105.79
738	377   	3930.3 	38.4561	3907.31	4169.71
739	389   	3930.77	38.5234	3907.31	4138.19
740	369   	3928.44	36.5174	3907.31	4166.41
741	360   	3925.31	31.781 	3907.31	4111.89
742	368   	3929.04	35.4261	3907.31	4100.78
743	361   	3929.29	38.5797	3907.31	4272.14
744	398   	3931.21	35.528 	3907.31	4134.16
745	371   	3928.78	37.8598	3907.31	4104.35
746	356   	3925.37	32.434 	3907.31	4137.15
747	369   	3928.64	36.071 	3907.31	4154.79
748	381   	3929.65	36.5618	3907.31	4114.59
749	386   	3932.49	41.2827	3907.31	4136.48
750	350   	3928.39	37.1025	3907.31	4147.29
751	365   	3926.3 	31.5206	3907.31	4168.25
752	393   	3932.77	41.6221	3907.31	4138.18
753	381   	3929.33	36.4892	3907.31	4110.39
754	388   	3929.61	35.72  	3907.31	4098.11
755	371   	3930.62	35.2212	3907.31	4066.59
756	365   	3928.51	34.894 	3907.31	4154.67
757	365   	3927.9 	33.4635	3907.31	4087.47
758	365   	3928.81	34.7232	3907.31	4131.27
759	353   	3929.01	35.5322	3907.31	4145.72
760	373   	3929.84	37.5037	3907.31	4127.07
761	392   	3932.35	40.2573	3907.31	4136.64
762	368   	3929.97	35.9394	3907.31	4095.79
763	356   	3925.46	30.3564	3907.31	4097.24
764	362   	3929.9 	37.7617	3907.31	4120.02
765	362   	3930.71	39.4129	3907.31	4192.96
766	383   	3931.93	40.0015	3907.31	4153.16
767	393   	3927.67	31.9252	3907.31	4088.02
768	373   	3931.16	37.6692	3907.31	4160.9 
769	349   	3927.24	33.4994	3907.31	4123.17
770	362   	3929.19	36.171 	3907.31	4117   
771	393   	3928.98	34.544 	3907.31	4086.52
772	388   	3931.22	38.0127	3907.31	4111.61
773	384   	3928.67	35.0473	3907.31	4117.07
774	367   	3929.24	35.6306	3907.31	4094.2 
775	367   	3930.69	38.8961	3907.31	4188   
776	367   	3924.61	29.2082	3907.31	4075.14
777	357   	3925.45	31.9807	3907.31	4081.04
778	384   	3927.41	33.9717	3907.31	4169.04
779	380   	3927.03	34.3557	3907.31	4102.96
780	386   	3928.27	33.9651	3907.31	4102.75
781	368   	3929.08	35.112 	3907.31	4087.17
782	372   	3929.56	35.7271	3907.31	4106.59
783	366   	3930.23	35.6214	3907.31	4116.95
784	381   	3929.26	37.8074	3907.31	4098.82
785	383   	3929.59	38.229 	3907.31	4155.73
786	363   	3928.21	35.9902	3907.31	4089.98
787	389   	3930.73	39.0951	3907.31	4139.03
788	379   	3930.9 	36.2834	3907.31	4121.67
789	367   	3929.02	36.3447	3907.31	4189.98
790	368   	3928.15	34.5553	3907.31	4127.91
791	364   	3928.74	36.74  	3907.31	4111.05
792	367   	3927.58	32.9042	3907.31	4089.1 
793	377   	3929.29	38.3988	3907.31	4142.05
794	380   	3930.42	37.1944	3907.31	4104.5 
795	375   	3930.02	35.151 	3907.31	4061.38
796	402   	3929.05	32.8302	3907.31	4089.99
797	379   	3927.83	32.418 	3907.31	4096.03
798	377   	3929.15	36.6701	3907.31	4122.12
799	399   	3931.17	37.288 	3907.31	4139.5 
800	376   	3927.3 	32.6196	3907.31	4107.98
801	360   	3930.07	37.6196	3907.31	4135.8 
802	384   	3931.56	36.7581	3907.31	4161.98
803	376   	3932.57	39.5857	3907.31	4124.39
804	379   	3930.83	34.8281	3907.31	4076.31
805	381   	3930.56	35.5173	3907.31	4112.96
806	378   	3929.54	35.7928	3907.31	4095.39
807	369   	3930.9 	37.89  	3907.31	4196.27
808	389   	3929.88	37.3884	3907.31	4130.18
809	399   	3931.88	37.9437	3907.31	4099.79
810	377   	3929.09	35.1721	3907.31	4133.2 
811	366   	3928.48	35.96  	3907.31	4115.94
812	356   	3927.87	33.3695	3907.31	4080.78
813	365   	3928.31	35.0081	3907.31	4140.17
814	373   	3927.34	33.704 	3907.31	4094.64
815	380   	3931.4 	38.1283	3907.31	4090.67
816	374   	3930.79	36.4813	3907.31	4076.41
817	376   	3929.83	35.261 	3907.31	4101.67
818	386   	3930.16	35.9579	3907.31	4128.37
819	343   	3928.58	37.2991	3907.31	4135.03
820	379   	3929.79	36.7137	3907.31	4109.34
821	384   	3930.17	34.2474	3907.31	4082.71
822	371   	3930.42	37.6556	3907.31	4112.5 
823	376   	3927.62	33.3979	3907.31	4108.92
824	359   	3926.35	32.6591	3907.31	4113.97
825	388   	3929.7 	37.4101	3907.31	4147.89
826	367   	3929.82	35.6516	3907.31	4134.25
827	395   	3930.59	35.0153	3907.31	4131.6 
828	359   	3930.17	35.718 	3907.31	4145.13
829	387   	3930.56	39.3768	3907.31	4130.43
830	367   	3928.16	34.9647	3907.31	4098.74
831	389   	3929.37	36.3584	3907.31	4185.62
832	362   	3928.85	35.3487	3907.31	4174.79
833	377   	3929.81	38.7256	3907.31	4151.82
834	387   	3929.14	36.3432	3907.31	4157.66
835	383   	3930.46	38.3209	3907.31	4097   
836	375   	3929.17	36.244 	3907.31	4120.27
837	389   	3933.37	38.1544	3907.31	4135.91
838	383   	3931.76	38.5629	3907.31	4121.8 
839	378   	3930.62	37.1683	3907.31	4155.11
840	353   	3926.19	31.2354	3907.31	4104.04
841	360   	3926.64	33.1144	3907.31	4067.14
842	397   	3930.71	39.1764	3907.31	4145.88
843	369   	3927.96	33.8603	3907.31	4103.76
844	360   	3929.98	36.7726	3907.31	4087.27
845	383   	3929.66	35.6341	3907.31	4086.44
846	374   	3929.01	35.6984	3907.31	4105.26
847	372   	3929.8 	36.7164	3907.31	4102.73
848	366   	3929.61	36.2485	3907.31	4150.24
849	376   	3931.17	38.0911	3907.31	4162.42
850	395   	3928.3 	34.6244	3907.31	4109   
851	373   	3930.91	37.991 	3907.31	4126.74
852	399   	3931.84	37.584 	3907.31	4130.33
853	373   	3928.23	34.7087	3907.31	4096.55
854	382   	3931.39	37.0469	3907.31	4127.99
855	366   	3929.06	33.5168	3907.31	4096.24
856	363   	3929.55	34.4407	3907.31	4115.17
857	388   	3929.09	33.7394	3907.31	4089.25
858	384   	3930.04	37.5819	3907.31	4129.38
859	366   	3930.07	36.3788	3907.31	4093.1 
860	355   	3930.82	39.5704	3907.31	4148.25
861	374   	3929.66	36.3516	3907.31	4132.3 
862	358   	3927.58	33.2301	3907.31	4111.35
863	359   	3929.71	35.5592	3907.31	4075.95
864	359   	3930.83	38.1603	3907.31	4116.2 
865	372   	3929.75	38.5252	3907.31	4168.36
866	382   	3931.45	40.4948	3907.31	4158.9 
867	383   	3929.82	35.3329	3907.31	4087.34
868	382   	3927.48	32.2388	3907.31	4104.82
869	369   	3927.65	32.1527	3907.31	4130.45
870	376   	3930.64	34.9094	3907.31	4130.69
871	385   	3930.68	39.9182	3907.31	4129.93
872	364   	3927.96	34.0147	3907.31	4108.29
873	370   	3928.43	35.1298	3907.31	4143.05
874	362   	3932.02	41.7627	3907.31	4158.62
875	387   	3928.95	34.8258	3907.31	4101.16
876	356   	3929.89	38.3779	3907.31	4154.08
877	374   	3927.97	34.5861	3907.31	4170.84
878	382   	3932.19	41.8776	3907.31	4214.67
879	386   	3926.66	30.9953	3907.31	4106.59
880	387   	3930.81	36.7826	3907.31	4135.69
881	384   	3931.09	35.2948	3907.31	4091.98
882	363   	3930.03	36.6588	3907.31	4152.23
883	358   	3927.7 	34.4292	3907.31	4121.63
884	388   	3929.68	36.269 	3907.31	4119.31
885	387   	3930.16	36.6265	3907.31	4159.23
886	380   	3931.73	38.3152	3907.31	4120.56
887	371   	3930.98	38.9725	3907.31	4106.14
888	381   	3930.47	36.2415	3907.31	4136.97
889	383   	3929.65	36.5558	3907.31	4108.35
890	376   	3930.22	34.2973	3907.31	4085.26
891	343   	3926.76	32.3691	3907.31	4072.48
892	373   	3927.75	34.3986	3907.31	4113.09
893	352   	3927.48	33.7929	3907.31	4077.52
894	396   	3929.68	36.3334	3907.31	4111.24
895	362   	3928.06	33.5445	3907.31	4139.71
896	380   	3928.31	36.035 	3907.31	4113.44
897	375   	3930.13	36.2179	3907.31	4150.19
898	368   	3932.22	38.8497	3907.31	4125.09
899	376   	3929.11	35.493 	3907.31	4105.53
900	380   	3930.09	35.7683	3907.31	4125.75
901	360   	3930.16	36.71  	3907.31	4147.87
902	369   	3932.12	42.2331	3907.31	4121.81
903	380   	3929.09	35.4987	3907.31	4109.7 
904	376   	3932.58	38.5784	3907.31	4139.43
905	381   	3927.87	32.6994	3907.31	4085.07
906	376   	3929.46	36.3851	3907.31	4165.96
907	383   	3929.7 	34.6299	3907.31	4113.87
908	375   	3929.56	36.49  	3907.31	4138.75
909	379   	3929.83	37.232 	3907.31	4149.99
910	371   	3928.33	33.34  	3907.31	4122.64
911	386   	3933.77	39.6419	3907.31	4094.22
912	356   	3928.02	32.8714	3907.31	4094.65
913	366   	3928.43	34.3082	3907.31	4107.37
914	365   	3930.46	39.1284	3907.31	4153.29
915	375   	3929.21	37.7715	3907.31	4158.49
916	400   	3929.44	36.3779	3907.31	4122.61
917	364   	3926.83	33.6784	3907.31	4129.4 
918	370   	3929   	34.4219	3907.31	4092.39
919	378   	3929.06	35.5203	3907.31	4109.59
920	379   	3929.6 	37.5568	3907.31	4108.64
921	369   	3931.58	38.0248	3907.31	4110.14
922	382   	3930.94	38.2824	3907.31	4154.77
923	366   	3929.6 	36.7499	3907.31	4102.35
924	382   	3928.12	35.6883	3907.31	4172.77
925	366   	3930.02	37.2413	3907.31	4135.43
926	377   	3931.19	42.549 	3907.31	4148.66
927	358   	3927.13	34.1146	3907.31	4119.83
928	361   	3927.73	33.4021	3907.31	4095.02
929	360   	3931.83	40.5352	3907.31	4153.44
930	359   	3927.12	32.3883	3907.31	4075.19
931	367   	3927.69	35.3776	3907.31	4137.71
932	373   	3932.22	42.2354	3907.31	4178.03
933	372   	3930.02	36.9157	3907.31	4115.59
934	377   	3929.88	38.0685	3907.31	4102.42
935	393   	3929.25	36.5576	3907.31	4123.13
936	361   	3926.52	32.5582	3907.31	4108.49
937	369   	3931.46	37.1212	3907.31	4129.49
938	371   	3927.01	32.1262	3907.31	4076.28
939	370   	3928.41	34.9442	3907.31	4124.72
940	378   	3928.27	33.307 	3907.31	4092.66
941	375   	3929.65	36.4989	3907.31	4110.32
942	377   	3927.38	34.9007	3907.31	4096.22
943	363   	3926.82	36.2022	3907.31	4198.2 
944	385   	3930.09	36.9332	3907.31	4109.34
945	382   	3928.26	32.327 	3907.31	4115.82
946	349   	3929.2 	37.1377	3907.31	4173.97
947	400   	3930.79	36.0324	3907.31	4110.57
948	362   	3931.63	39.3747	3907.31	4096.62
949	368   	3927.25	30.6148	3907.31	4068.43
950	390   	3929.19	36.1456	3907.31	4107.29
951	367   	3927.9 	34.046 	3907.31	4105.11
952	394   	3928.45	33.8969	3907.31	4105.41
953	373   	3929.05	34.6001	3907.31	4142.36
954	390   	3930.68	37.1207	3907.31	4121.09
955	363   	3928.9 	35.0499	3907.31	4122.17
956	383   	3934   	40.265 	3907.31	4126.96
957	373   	3929.25	36.1366	3907.31	4142.55
958	367   	3925.99	30.6822	3907.31	4159.8 
959	382   	3929.22	36.5218	3907.31	4114.03
960	364   	3929.84	35.8406	3907.31	4080.4 
961	392   	3927.22	34.3588	3907.31	4096.37
962	377   	3930.92	36.4719	3907.31	4094.02
963	365   	3930.76	39.7809	3907.31	4151.34
964	360   	3926.98	31.2698	3907.31	4074.05
965	386   	3930.29	36.2369	3907.31	4104.31
966	368   	3928.34	34.0605	3907.31	4105.64
967	375   	3932.85	37.8018	3907.31	4154.73
968	362   	3928.95	36.262 	3907.31	4128.5 
969	393   	3928.65	33.1663	3907.31	4134.66
970	374   	3928.56	34.9939	3907.31	4177.44
971	357   	3928.85	34.2637	3907.31	4128.87
972	383   	3929.52	36.5534	3907.31	4118.96
973	377   	3928.59	33.2276	3907.31	4086.44
974	374   	3928.73	36.0324	3907.31	4127.01
975	369   	3927.52	32.861 	3907.31	4085.44
976	383   	3934.9 	42.93  	3907.31	4186.61
977	375   	3930.72	35.6196	3907.31	4119.63
978	367   	3932.47	38.8319	3907.31	4113.3 
979	374   	3929.13	33.7459	3907.31	4138.25
980	366   	3930.17	37.2584	3907.31	4112.24
981	379   	3928.31	33.2093	3907.31	4128.8 
982	388   	3933.34	39.0732	3907.31	4121.01
983	372   	3929.88	37.2906	3907.31	4112.32
984	382   	3929.93	37.3966	3907.31	4132.1 
985	384   	3931.3 	39.0004	3907.31	4259.98
986	374   	3932.53	41.5482	3907.31	4174.75
987	365   	3930.65	37.4211	3907.31	4119.5 
988	369   	3929.71	35.9403	3907.31	4134.74
989	369   	3929.47	36.2816	3907.31	4090.3 
990	373   	3930.41	37.289 	3907.31	4115.64
991	387   	3930.11	37.6891	3907.31	4129.82
992	360   	3931.14	37.8356	3907.31	4170.2 
993	393   	3930.07	35.7557	3907.31	4107.2 
994	377   	3931.8 	38.7431	3907.31	4122.56
995	375   	3927.89	36.3985	3907.31	4140.53
996	390   	3930.65	38.2734	3907.31	4115.75
997	387   	3928.37	34.0867	3907.31	4142.02
998	381   	3930.91	38.6636	3907.31	4174.5 
999	385   	3929.6 	34.6573	3907.31	4097.05
1000	368   	3928.86	34.3592	3907.31	4097.73
Compute time: 6623.06518078
